version: 1
creator: callgrind-3.10.0
pid: 240326
cmd:  ./matmul_omp
part: 1


desc: I1 cache: 32768 B, 64 B, 8-way associative
desc: D1 cache: 32768 B, 64 B, 8-way associative
desc: LL cache: 20971520 B, 64 B, 20-way associative

desc: Timerange: Basic block 0 - 1009111268
desc: Trigger: Program termination

positions: line
events: Ir Dr Dw I1mr D1mr D1mw ILmr DLmr DLmw
summary: 49058641516 20019957019 2006247922 1490 1190165162 193911 1404 2319 190395


ob=(2) ???
fl=(2) ???
fn=(616) 0x0000000004a24560
0 5 1 1 1 1
cob=(5) /home/hpc3/naveen_cuda/hw4/mpi_openmp/matmul_omp
cfi=(5) ???
cfn=(274) __gmon_start__
calls=1 0 
0 4 2 0 0 1
cob=(1) /usr/lib64/ld-2.17.so
cfi=(1) ???
cfn=(188) _dl_runtime_resolve
calls=1 0 
0 592 167 74 0 10
0 5 3 2 1 1 0 1
0 2 1

fn=(1156) 0x000000000040148c
0 3 1 0 1

fn=(1208) 0x0000000004c37dec
0 3 1 0 1 0 0 1

fn=(1180) 0x0000000004a247e0
0 3 1 0 1 0 0 1

fn=(176) 0x0000000004e42400
0 2 0 1 1 0 0 1
cob=(4) /usr/lib64/libpthread-2.17.so
cfi=(4) ???
cfn=(178) __pthread_initialize_minimal
calls=1 0 
0 7305 2160 839 51 78 20 51 25 13
0 2 1

fn=(1228) 0x0000000004e4d564
0 3 1 0 1 0 0 1

fn=(264) 0x0000000004c29f98
0 5 1 1 1
cob=(5)
cfi=(5)
cfn=(274)
calls=1 0 
0 60508 14641 1017 118 1167 126 117 848 111
cob=(1)
cfi=(1)
cfn=(188)
calls=1 0 
0 600 171 74 0 5
0 5 3 2 2 1 0 2
0 2 1

fn=(648) 0x0000000000400948
0 5 0 1
cob=(5)
cfi=(5)
cfn=(274)
calls=1 0 
0 4 2
0 2 1

ob=(3) /usr/lib64/libc-2.17.so
fl=(3) ???
fn=(146) __init_cpu_features
0 70 4 12 8 1 0 8 1

fn=(152) strnlen
0 6 3 0 1 0 0 1

fn=(198) secure_getenv
0 5 2 0 2 1 0 2
cfn=(200) getenv
calls=1 0 
0 301 96 7 7 26 0 7 1

fn=(222) __register_atfork
0 50 9 13 5 2 1 5 2 1

fn=(252) __ctype_init
0 512 320 96 2 9 8 2

fn=(256) handle_intel.isra.0
0 40 0 20 2 0 0 2
cfn=(258) intel_check_word
calls=2 0 
0 1444 340 146 9 6 0 9 6
0 14 0 2
cfn=(258)
calls=2 0 
0 189 14 12 5 0 0 5
0 40 14 4 2 0 0 2

fn=(326) setitimer
0 10 2 0 1 0 0 1

fn=(402) opendir
0 3 0 0 1 0 0 1
cfn=(404) __opendirat
calls=1 0 
0 227 32 41 10 3 2 10 1 2

fn=(404)
0 6 1 1 1 1 0 1 1
cfn=(406) __openat_nocancel
calls=1 0 
0 8 1 0 1 0 0 1
0 8
cfn=(408) __alloc_dir
calls=1 0 
0 205 30 40 8 2 2 8 0 2

fn=(422) closedir
0 5 1 2
cfn=(426) free
calls=1 0 
0 145 38 17 19 0 0 19
0 1 1 0 0 1
0 3 1
cfn=(432) __close_nocancel
calls=1 0 
0 5 1 0 1 0 0 1

fn=(432)
0 5 1 0 1 0 0 1

fn=(644) (below main)
0 25 2 10 1 0 1 1
cfn=(334) __cxa_atexit
calls=1 0 
0 66 13 15 0 1 2
0 13 6 1 1 0 0 1
cob=(5)
cfi=(5)
cfn=(646) __libc_csu_init
calls=1 0 
0 60 14 10 5 1 0 5 1
0 8 2 1 1 1 0 1
cfn=(662) _setjmp
calls=1 0 
0 30 6 10 4 0 0 4
0 14 7 4 1 1 0 1
cob=(5)
cfi=(5)
cfn=(668) main
calls=1 0 
0 2207294780 900634162 90349819 351 53563082 7125 313 46 6938
0 2 0 1 1
cfn=(1138) exit
calls=1 0 
0 7067 2091 822 75 206 27 40 6

fn=(804) mprotect
0 155 31 0 1 0 0 1

fn=(1058) printf
0 27 2 18 3 2 0 3
cfn=(1060) vfprintf
calls=1 0 
0 7689 1977 1199 185 35 21 181 15
0 2 1

fn=(1072) _IO_file_doallocate
0 11 3 4 1 2 1 1
cfn=(1074) _IO_file_stat
calls=1 0 
0 14 2 0 3 0 0 3
0 15 1 1 1 1 0 1
cfn=(684) mmap
calls=1 0 
0 6 1
0 7 0 1
cfn=(1078) _IO_setb
calls=1 0 
0 21 5 5 2 0 0 2
0 20 6 1 2 0 0 2

fn=(1088) isinf
0 26 2 0 1 0 0 1

fn=(1092) __mpn_lshift
0 30 4 2 2 0 0 2

fn=(1100) __mpn_mul_1
0 64 8 6 4 0 0 4

fn=(1168) __cxa_finalize
0 159 39 18 5 1 0 5
cfn=(1170) __unregister_atfork
calls=3 0 
0 57 21 3 2 4 0 2

fn=(154) strncasecmp
0 6 3 0 2 0 0 2

fn=(200)
0 162 0 126 2 0 1 1
cfn=(202) __GI_strlen
calls=18 0 
0 378 46 0 4 10 0 4 9
0 4770 1674 0 3 52 0 2

fn=(214) __libc_dl_error_tsd
0 3 3 0 1 1 0 1

fn=(292) _dl_addr
0 14 2 9 1 0 0 1
cob=(4)
cfi=(4)
cfn=(294) pthread_mutex_lock
calls=1 0 
0 27 4 4 3 0 0 3
0 55966 13642 5 8 1021 2 8 828
cob=(4)
cfi=(4)
cfn=(296) pthread_mutex_unlock
calls=1 0 
0 24 5 4 3 2 0 3
0 25 11 2 2 0 1 2

fn=(318) profil
0 49 1 31 6 1 1 6 1 1
cfn=(320) sigaction
calls=1 0 
0 109 38 38 8 0 3 8 0 2
0 4 0 2
cfn=(324) __profile_frequency
calls=1 0 
0 3 3 0 1 0 0 1
0 14 2 4 1 0 0 1
cfn=(326)
calls=1 0 
0 5 1 0 1 0 0 1
0 13 6 1 1 1
cfn=(326)
calls=1 0 
0 5 1
0 7 0 2 1 0 0 1
cfn=(320)
calls=1 0 
0 71 19 19 6 3
0 6 5

fn=(416) __GI_memmove
0 2495 463 418 3 0 0 3

fn=(418) strtoul
0 132 66 0 1 0 0 1
cfn=(420) ____strtoul_l_internal
calls=33 0 
0 3792 553 363 12 7 0 12 5

fn=(1066) _IO_file_xsputn@@GLIBC_2.2.5
0 71 5 20 2 0 1 2
cfn=(1108) __GI_mempcpy
calls=2 0 
0 36 4 2
0 63 27 5 2 0 0 2
cfn=(1068) _IO_file_overflow@@GLIBC_2.2.5
calls=3 0 
0 465 111 82 29 4 2 29
0 53 6 2 1 0 0 1
cfn=(1082) _IO_default_xsputn
calls=2 0 
0 870 254 112 4 0 1 4
0 75 14 0 2 0 0 2

fn=(1140) __run_exit_handlers
0 50 11 8 3 4 1 2
cfn=(1234) _mcleanup
calls=1 0 
0 431 124 45 15 31 2 4 1
cob=(1)
cfi=(1)
cfn=(188)
calls=1 0 
0 1138 355 139 0 20 1 0 1
cob=(1)
cfi=(1)
cfn=(1142) _dl_fini
calls=1 0 
0 5438 1598 627 56 149 23 33 4
0 5 3 2 0 2
0 1

fn=(156) memset
0 14 6 0 3 2 0 2

fn=(260) bsearch
0 584 108 118 3 0 0 3
cfn=(262) intel_02_known_compare
calls=54 0 
0 324 162 0 1 6 0 1 6
0 318 56

fn=(298) __linkin_atfork
0 9 3 2 2 2 0 2

fn=(302) _int_malloc
0 127571 27364 18243 7 5 0 7 1
cfn=(304) malloc_consolidate
calls=1 0 
0 666 9 263 4 0 34 4 0 33
0 220256 15356 45842 25 21 14 23 0 7
cfn=(306) sysmalloc
calls=66 0 
0 11604 2696 1762 28 9 82 27 3 79
0 53893 3103 8906 4 1 2967 4 1 2967

fn=(408)
0 13 0 4 3 0 0 3
cfn=(300) malloc
calls=1 0 
0 177 25 29 4 1 1 4 0 1
0 1 1 0 1 1 0 1
0 14 4 7 0 0 1 0 0 1

fn=(426)
0 48040 9011 0 2 9 0 2
cfn=(428) _int_free
calls=3001 0 
0 619164 173631 97436 32 3020 3 18
0 4 4

fn=(502) popcount_cpucount
0 103 17

fn=(568) getpagesize
0 96 96 0 1 2 0 1

fn=(674) mcount
0 1133 206 824 1 0 61 1 0 59
cfn=(676) __mcount_internal
calls=103 0 
0 2721 878 412 8 225 62 6
0 927 824 0 1 0 0 1

fn=(1060)
0 34 7 12 3 4 4 3 1
cfn=(1062) strchrnul
calls=1 0 
0 23 2 0 3 1 0 3 1
0 12 3 4 1 1 1 1
cfn=(1066)
calls=1 0 
0 697 189 101 27 4 4 27
0 5 1 2 1 0 0 1
cfn=(426)
calls=1 0 
0 7 3
0 1 1 0 1 1
0 2 0 1
cfn=(426)
calls=1 0 
0 7 3
0 1 1
0 49 22 8 4 3 0 4 1
cob=(4)
cfi=(4)
cfn=(1130) _pthread_cleanup_pop_restore
calls=1 0 
0 8 3 1 1 0 0 1
0 8 3 1 2 2 0 2
cob=(4)
cfi=(4)
cfn=(1064) _pthread_cleanup_push_defer
calls=1 0 
0 14 3 5 1 2 0 1
0 117 17 49 8 4 3 8 3
cfn=(1062)
calls=2 0 
0 55 5 0 0 1
0 14 4 4 1 0 0 1
cfn=(1066)
calls=2 0 
0 936 232 122 13 0 0 13
0 175 40 33 8 0 0 8
cfn=(1084) __printf_fp
calls=2 0 
0 5500 1432 852 109 12 9 106 9
0 24 6 4 2 0 0 2

fn=(1084)
0 82 18 34 5 3 1 5
cfn=(1086) isnan
calls=2 0 
0 14 2 0 1 0 0 1
0 8 2 2 1 0 0 1
cfn=(1088)
calls=2 0 
0 26 2 0 1 0 0 1
0 104 8 14 5 1 0 5 1
cfn=(1094) __GI_memcpy
calls=2 0 
0 46 6 4 3 1 1 3 1
0 320 62 2 2 5 0 2 5
cfn=(1098) __mpn_mul
calls=2 0 
0 140 30 26 7 0 2 7
0 48 20 4 4 0 0 4
cfn=(1090) __mpn_extract_double
calls=2 0 
0 42 4 10 3 0 1 3
0 40 0 4 2 0 1 2
cfn=(1092)
calls=2 0 
0 30 4 2 2 0 0 2
0 52 16 10 1 0 0 1
cfn=(1096) __mpn_cmp
calls=4 0 
0 58 16 0 1 0 0 1
0 28 8 8 1 0 0 1
cfn=(1094)
calls=4 0 
0 92 12 8
0 150 38 10 5 0 0 5
cfn=(1102) __mpn_rshift
calls=2 0 
0 34 6 4
0 124 38 22 6 1 1 6 1
cfn=(1104) hack_digit.13549
calls=2 0 
0 172 54 34 10 0 2 10
0 12 0 6
cfn=(1104)
calls=6 0 
0 498 162 102
0 206 42 42 4 0 0 4
cfn=(1104)
calls=12 0 
0 996 324 204
0 94 18 18 2 0 0 2
cfn=(1104)
calls=2 0 
0 166 54 34
0 124 28 10 9 0 0 9
cfn=(202)
calls=2 0 
0 28 4 0 3 1 0 0 1
0 282 40 34 4 0 0 4
cfn=(1108)
calls=2 0 
0 36 4 2 3 0 0 3
0 132 30 18 13 0 0 13
cfn=(1102)
calls=2 0 
0 34 6 4 3 0 0 3
0 336 66 70 6 0 0 6
cfn=(1110) __overflow
calls=22 0 
0 858 264 110 2 0 0 2
0 88 44

fn=(1086)
0 14 2 0 1 0 0 1

fn=(1094)
0 138 18 12 3 1 1 3 1

fn=(1096)
0 58 16 0 1 0 0 1

fn=(220) __libc_pthread_init
0 8 0 3 1 0 1 1 0 1
cfn=(222)
calls=1 0 
0 50 9 13 5 2 1 5 2 1
0 385 110 55 1 4 6 1 0 6

fn=(258)
0 188 0 40 3 0 0 3
cfn=(260)
calls=8 0 
0 1226 326 118 4 6 0 4 6
0 219 28 0 7 0 0 7

fn=(286) calloc
0 1194 250 222 3 3 0 3
cfn=(302)
calls=31 0 
0 4549 515 787 3 12 33 3 0 32
0 949 124 62 4 0 0 4
cfn=(314) __GI_memset
calls=31 0 
0 2759 124 1147 2 4 253 1 1 253
0 220 187 1 1 0 0 1
cfn=(288) malloc_hook_ini
calls=1 0 
0 57447 13859 373 68 1070 45 68 835 37
0 11 5 0 0 1
cfn=(314)
calls=1 0 
0 438 4 270 9 3 66 9 2 66

fn=(290) ptmalloc_init.part.8
0 24 3 13 3 2 3 3 0 2
cfn=(298)
calls=1 0 
0 9 3 2 2 2 0 2
0 269 91 2 2 27 1 2 1
cfn=(292)
calls=1 0 
0 56056 13664 24 17 1023 3 17 828
0 11 4 0 1 0 0 1

fn=(308) __default_morecore
0 5910 0 2955 2 0 1 1
cfn=(310) sbrk
calls=2955 0 
0 110649 29682 14909 8 7 1 5 1
0 17730 2955

fn=(316) moncontrol
0 15 2 1 4 1 0 2
cfn=(318)
calls=1 0 
0 104 26 26 8 4 0 1
0 10 6 2 0 1
cfn=(318)
calls=1 0 
0 182 50 71 17 1 4 17 1 3
0 2 0 1

fn=(334)
0 16 0 8 2 0 0 2
cfn=(336) __new_exitfn
calls=2 0 
0 83 16 15 5 3 3 5 0 2
0 28 10 8 0 0 1

fn=(336)
0 83 16 15 5 3 3 5 0 2

fn=(428)
0 379747 101495 59938 22 3016 7 14 0 4
cfn=(430) systrim.isra.3
calls=2889 0 
0 236843 72211 37550 8 4 0 2
0 2900 1 2 2 0 0 2

fn=(500) __sched_cpucount
0 10 3 0 2 0 0 2

fn=(1114) write
0 8 2 2 1 0 0 1
cfn=(1118) __libc_enable_asynccancel
calls=2 0 
0 22 4 2 1 0 0 1
0 12 2 4 1 0 0 1
cfn=(1124) __libc_disable_asynccancel
calls=2 0 
0 24 4 2 2 0 0 2
0 10 2

fn=(1124)
0 24 4 2 2 0 0 2

fn=(1236) write_gmon
0 10 0 7 1 0 1 1
cfn=(200)
calls=1 0 
0 288 95 7 2 26 1 0 1
0 8 0 1 1 0 0 1
cfn=(1238) __open_nocancel
calls=1 0 
0 2 0 0 1 0 0 1

fn=(148) time
0 9 0 5 2 0 0 2
cfn=(150) _dl_vdso_vsym
calls=1 0 
0 7 3 0 2 2 0 2
0 6 1

fn=(160) memcpy@GLIBC_2.2.5
0 13 4 0 1 0 0 1

fn=(250) __GI_strrchr
0 51 3 0 3 0 0 3

fn=(254) init_cacheinfo
0 36 5 12 5 0 2 5 0 2
cfn=(256)
calls=1 0 
0 843 184 92 17 6 0 17 6
0 3 0 1
cfn=(256)
calls=1 0 
0 884 184 92 1 0 0 1
0 103 2 0 4 0 0 4

fn=(282) monstartup
0 34 0 13 4 0 2 4 0 2
cfn=(286)
calls=1 0 
0 57915 13871 649 79 1075 111 79 837 103
0 1 1 0 1 1 0 1
0 28 5 5 1 1 2 1 1 1
cfn=(316)
calls=1 0 
0 196 56 73 19 2 4 19 1 3
0 6 0 1 1 0 0 1

fn=(288)
0 8 2 3 1 1 0 1 1
cfn=(290)
calls=1 0 
0 56369 13765 41 25 1054 7 25 829 2
0 3 1 0 0 1
cfn=(300)
calls=1 0 
0 1067 91 329 42 14 38 42 5 35

fn=(324)
0 3 3 0 1 0 0 1

fn=(414) __getdents
0 36 2 11 2 0 0 2
cfn=(202)
calls=1 0 
0 19 2
0 220 88 44 0 21 0 0 21
cfn=(202)
calls=44 0 
0 711 88
0 180 0 45
cfn=(416)
calls=45 0 
0 2495 463 418 3 0 0 3
0 239 57 45

fn=(430)
0 66442 17332 20222 3 1 0 1
cfn=(308)
calls=2888 0 
0 129960 31768 17328 4 3
0 40441 23111 0 1 0 0 1

fn=(662)
0 64 0 0 1 0 0 1
cfn=(664) __sigsetjmp
calls=32 0 
0 896 192 320 3 5 0 3

fn=(812) clone
0 837 124 93 3 7 31 3 0 31
cob=(4)
cfi=(4)
cfn=(820) start_thread
calls=31 0 
0 46851081776 19119254936 1915875098 60 1136598860 185965 57 38 182728

fn=(850) profil_counter
0 193961 60514 9619 2 39874 9556 1 125
cfn=(852) 0x0000000000035670
calls=9619 0 
0 19238
0 700 700 0 0 668 0 0 59
cfn=(852)
calls=700 0 
0 1400 0 0 1 0 0 1

fn=(1102)
0 68 12 8 3 0 0 3

fn=(1110)
0 132 66 0 2 0 0 2
cfn=(1068)
calls=22 0 
0 726 198 110

fn=(246) _init
0 27 3 12 3 0 0 3
cfn=(150)
calls=1 0 
0 7 3 0 0 1
0 8 1 2 1 0 1 1
cfn=(150)
calls=1 0 
0 7 3
0 10 1 2
cfn=(248) __init_misc
calls=1 0 
0 75 10 5 5 1 1 5
0 1 0 1
cfn=(252)
calls=1 0 
0 16 10 3 2 4 0 2
0 14 9 1 2 2 1 2 0 1

fn=(398) sysconf
0 25 5 4 6 1 0 6 1
cfn=(400) get_nprocs_conf
calls=1 0 
0 10997 2361 1441 56 33 2 56 27 2
0 2

fn=(400)
0 7 0 5 1 0 0 1
cfn=(402)
calls=1 0 
0 230 32 41 11 3 2 11 1 2
0 8 0 1
cfn=(412) readdir
calls=1 0 
0 3926 710 568 9 22 0 9 21
0 26 0 13
cfn=(412)
calls=13 0 
0 531 187 109
0 572 253 33 1 0 0 1
cfn=(418)
calls=33 0 
0 3924 619 363 13 7 0 13 5
0 293 65 32
cfn=(412)
calls=32 0 
0 1248 448 256
0 66 0 1 1 0 0 1
cfn=(422)
calls=1 0 
0 159 42 19 20 1 0 20
0 7 5

fn=(412)
0 1287 369 322 3 1 0 3
cfn=(414)
calls=2 0 
0 3900 700 563 5 21 0 5 21
0 518 276 48 1 0 0 1

fn=(476) realloc
0 39 10 12 3 4 0 3
cfn=(300)
calls=1 0 
0 252 36 43 1 3 2 1 0 1
0 9 7 0 2 0 0 2
cfn=(478) realloc_hook_ini
calls=1 0 
0 139 26 22 17 0 0 17

fn=(664)
0 608 128 256 2 5 0 2
cfn=(666) __sigjmp_save
calls=32 0 
0 288 64 64 1 0 0 1

fn=(1070) _IO_doallocbuf
0 16 8 4 1 1 1 1
cfn=(1072)
calls=1 0 
0 94 18 12 9 3 1 9
0 2

fn=(144) strcasecmp
0 3 1 1 1 1 0 1 1
cfn=(146)
calls=1 0 
0 70 4 12 8 1 0 8 1
0 4 2 0 1 0 0 1

fn=(150)
0 28 12 0 2 3 0 2

fn=(158) gettimeofday
0 9 0 5 1 0 0 1
cfn=(150)
calls=1 0 
0 7 3
0 6 1

fn=(208) getrlimit
0 5 1 0 1 0 0 1

fn=(262)
0 324 162 0 1 6 0 1 6

fn=(304)
0 666 9 263 4 0 34 4 0 33

fn=(312) brk
0 39272 6044 3024 3 0 1 2

fn=(320)
0 8 0 0 2 0 0 1
cfn=(322) __libc_sigaction
calls=2 0 
0 172 57 57 12 3 3 7 0 2

fn=(322)
0 172 57 57 12 3 3 7 0 2

fn=(406)
0 8 1 0 1 0 0 1

fn=(1062)
0 78 7 0 3 2 0 3 1

fn=(1076) _fxstat
0 10 1 0 2 0 0 2

fn=(1080) _IO_do_write@@GLIBC_2.2.5
0 59 15 14 3 0 0 3
cfn=(1112) _IO_file_write@@GLIBC_2.2.5
calls=2 0 
0 148 30 20 8 0 0 8
0 52 18 12 2 0 0 2

fn=(1090)
0 42 4 10 3 0 1 3

fn=(1106) __mpn_divrem
0 908 264 242 5 0 2 5

fn=(202)
0 1136 140 0 7 11 0 4 10

fn=(248)
0 12 1 3 1 0 0 1
cfn=(250)
calls=1 0 
0 51 3 0 3 0 0 3
0 12 6 2 1 1 1 1

fn=(300)
0 54162 15045 9027 2 4 0 2
cfn=(302)
calls=3009 0 
0 409441 48013 74229 65 24 3064 62 5 3054
0 66198 15045 6018 1 1 0 1

fn=(310)
0 38742 8864 8931 3 7 0 1 1
cfn=(312)
calls=66 0 
0 870 136 70 0 0 1
0 20795 11804 2954 1 0 0 1
cfn=(312)
calls=2954 0 
0 38402 5908 2954 3 0 0 2
0 11840 2970 0 1 0 0 1

fn=(420)
0 3792 553 363 12 7 0 12 5

fn=(478)
0 71 12 12 7 0 0 7
cfn=(480) _int_realloc
calls=1 0 
0 57 11 9 8 0 0 8
0 11 3 1 2 0 0 2

fn=(480)
0 57 11 9 8 0 0 8

fn=(666)
0 288 64 64 1 0 0 1

fn=(684)
0 216 36 0 2 0 0 2

fn=(1074)
0 4 1 0 1 0 0 1
cfn=(1076)
calls=1 0 
0 10 1 0 2 0 0 2

fn=(1082)
0 149 51 27 2 0 0 2
cfn=(1068)
calls=17 0 
0 561 153 85 0 0 1
0 160 50 0 2 0 0 2

fn=(1098)
0 48 6 18 2 0 2 2
cfn=(1100)
calls=2 0 
0 64 8 6 4 0 0 4
0 28 16 2 1 0 0 1

fn=(1104)
0 418 132 66 3 0 0 3
cfn=(1106)
calls=22 0 
0 908 264 242 5 0 2 5
0 506 198 66 2 0 0 2

fn=(1118)
0 22 4 2 1 0 0 1

fn=(306)
0 4482 1064 738 9 3 67 8 1 66
cfn=(684)
calls=4 0 
0 24 4 0 2 0 0 2
0 444 144 268 2 1 0 2
cfn=(308)
calls=66 0 
0 4303 861 532 6 3 2 6 1
0 1821 522 129 4 1 0 4 1
cfn=(308)
calls=1 0 
0 26 8 4 0 1
0 162 13 37 5 0 9 5 0 9
cfn=(428)
calls=4 0 
0 326 76 54 0 0 4 0 0 4
0 16 4

fn=(314)
0 3213 130 1417 11 8 319 10 4 319

fn=(676)
0 2721 878 412 8 225 62 6

fn=(1068)
0 1373 371 211 5 0 1 5
cfn=(1080)
calls=3 0 
0 259 63 46 13 0 0 13
0 2 0 1 1 0 0 1
cfn=(1070)
calls=1 0 
0 112 26 16 10 4 2 10
0 6 2 3

fn=(1078)
0 21 5 5 2 0 0 2

fn=(1108)
0 72 8 4 3 0 0 3

fn=(1112)
0 44 4 10 2 0 0 2
cfn=(1114)
calls=2 0 
0 76 14 10 5 0 0 5
0 28 12 0 1 0 0 1

fn=(1138)
0 4 0 1 1 0 0 1
cfn=(1140)
calls=1 0 
0 7063 2091 821 74 206 27 39 6

fn=(1170)
0 57 21 3 2 4 0 2

fn=(1234)
0 3 0 1
cfn=(316)
calls=1 0 
0 117 28 28 10 5 0 1
0 3 1 1
cfn=(1236)
calls=1 0 
0 308 95 15 5 26 2 3 1

ob=(6) /usr/lib64/libgomp.so.1.0.0
fl=(6) ???
fn=(340) 0x0000000000006770
0 16 3 1 4 1 0 4

fn=(690) GOMP_parallel_start
0 8 0 4 1 0 0 1
cfn=(692) 0x0000000000009970
calls=1 0 
0 29 10 2 3 3 0 3
0 3 0 1
cfn=(706) 0x000000000000de10
calls=1 0 
0 253 35 70 8 2 16 8 0 16
0 91 28 35 8 3 0 8
cfn=(742) 0x000000000000a5f0
calls=1 0 
0 23 6 17 3 0 3 3 0 3
0 1098 287 476 7 0 51 7 0 8
cfn=(742)
calls=31 0 
0 713 186 527 0 0 84 0 0 84
0 434 186 155 2 0 0 2
cob=(4)
cfi=(4)
cfn=(788) pthread_create@@GLIBC_2.2.5
calls=31 0 
0 29957 6169 6648 55 124 669 40 7 663
cob=(1)
cfi=(1)
cfn=(188)
calls=1 0 
0 1011 307 114 0 10 13 0 7 13
0 35 33 2
0 193 63 1 1 1 0 1
cfn=(834) 0x0000000000010470
calls=1 0 
0 7044 1010 1 0 1
0 56 26 11 5 5 2 5 0 2
cfn=(470) 0x0000000000006800
calls=1 0 
0 286 47 51 2 5 2 2 0 1
0 8 0 4 3 0 0 3
cfn=(436) 0x00000000000067b0
calls=1 0 
0 232 33 38 5 3 2 5 0 1
0 12 3 7 1 1 0 1
cob=(4)
cfi=(4)
cfn=(726) pthread_setspecific
calls=1 0 
0 34 7 7 3 1 2 3
cob=(1)
cfi=(1)
cfn=(188)
calls=1 0 
0 1086 322 114 0 32 5 0 7
0 5 3 2 1 2 0 1
0 11 4 2 1 0 0 1

fn=(1016) GOMP_parallel_end
0 30 8 10 3 2 0 3
cfn=(1008) 0x0000000000010680
calls=1 0 
0 80712 11535 5
0 5 2 1
cfn=(1030) 0x000000000000f3b0
calls=1 0 
0 14 5 0 1 4 0 1
0 1 0 1
cfn=(1036) 0x000000000000a680
calls=1 0 
0 14 7 3 1 1 0 1
0 41 23 9 3 4 0 3

fn=(1190) 0x0000000000006730
0 8 2 2 2 2
cob=(3)
cfi=(3)
cfn=(1168)
calls=1 0 
0 72 20 7
cob=(1)
cfi=(1)
cfn=(188)
calls=1 0 
0 1148 349 129 0 7
0 5 3 2 1 1 0 1
0 1 0 1
cfn=(1202) 0x00000000000066c0
calls=1 0 
0 9 2 1 1
0 3 2 1

fn=(348) 0x0000000000004d00
0 12 1 8 1 0 0 1
cob=(3)
cfi=(3)
cfn=(200)
calls=1 0 
0 288 95 7 0 2 0 0 1
cob=(1)
cfi=(1)
cfn=(188)
calls=1 0 
0 1054 328 127 0 19 4 0 3
0 5 3 2 0 1
0 6 0 1 1 0 0 1
cfn=(360) 0x0000000000004340
calls=1 0 
0 320 103 12 2 1 0 2 1
0 3 0 1
cfn=(360)
calls=1 0 
0 306 102 12
0 3 0 1 1 0 0 1
cfn=(360)
calls=1 0 
0 319 103 12
0 4 1 1
cfn=(372) 0x0000000000004400
calls=1 0 
0 336 108 15 4 0 0 4
0 6 0 1 1 0 0 1
cfn=(372)
calls=1 0 
0 333 107 15 0 1 0 0 1
0 4 0 1
cfn=(372)
calls=1 0 
0 332 107 15
0 3 0 1 1 0 0 1
cfn=(392) 0x000000000000fed0
calls=1 0 
0 30955 5776 2402 105 128 6 104 50 3
0 4 1 2
cob=(3)
cfi=(3)
cfn=(200)
calls=1 0 
0 288 95 7 0 2
0 1 1
0 7 1 2 2 0 0 2
cob=(3)
cfi=(3)
cfn=(200)
calls=1 0 
0 288 95 7
0 1 1
0 6 0 2 1 0 0 1
cob=(3)
cfi=(3)
cfn=(200)
calls=1 0 
0 302 96 7 0 1 0 0 1
0 1 1
0 6 0 2 1 0 0 1
cob=(3)
cfi=(3)
cfn=(200)
calls=1 0 
0 302 96 7 0 1 0 0 1
0 1 1
0 7 1 2 1 0 0 1
cob=(3)
cfi=(3)
cfn=(200)
calls=1 0 
0 288 95 7
0 1 1
0 5 0 1 1 0 0 1
cob=(3)
cfi=(3)
cfn=(200)
calls=1 0 
0 288 95 7
0 1 1
0 8 1 1 1 0 0 1
cob=(4)
cfi=(4)
cfn=(562) pthread_attr_init@@GLIBC_2.2.5
calls=1 0 
0 1159 352 139 4 11 1 4 3
cob=(1)
cfi=(1)
cfn=(188)
calls=1 0 
0 1056 316 114 0 8 0 0 7
0 5 3 2 1 1 0 1
0 3 0 1
cob=(4)
cfi=(4)
cfn=(576) pthread_attr_setdetachstate
calls=1 0 
0 5 1 1 1 0 0 1
cob=(1)
cfi=(1)
cfn=(188)
calls=1 0 
0 1206 346 114 0 8 0 0 3
0 5 3 2
0 3 1 1 1 0 0 1
cfn=(580) 0x0000000000004b40
calls=1 0 
0 318 106 15 3 1 0 3 1
0 5 1 1
cfn=(580)
calls=1 0 
0 318 106 15
0 6 1 2 1 0 0 1
cob=(3)
cfi=(3)
cfn=(200)
calls=1 0 
0 302 96 7 0 1 0 0 1
0 1 1
0 27 9 3 5 0 1 5

fn=(892) GOMP_loop_dynamic_start
0 1032 256 272 4 14 0 4
cfn=(894) 0x000000000000f3d0
calls=32 0 
0 1051 390 234 4 16 32 4 0 31
0 428 198 7 3 0 0 3

fn=(894)
0 1034 387 227 3 16 31 3 0 30
cfn=(710) 0x000000000000f320
calls=1 0 
0 14 3 6 0 0 1 0 0 1
0 3 0 1 1 0 0 1

fn=(372)
0 42 3 24 1 0 0 1
cob=(3)
cfi=(3)
cfn=(200)
calls=3 0 
0 908 289 21 0 1 0 0 1
0 3 3
0 48 27 0 3 0 0 3

fn=(922) GOMP_loop_dynamic_next
0 1434 536 185 1 268 0 1

fn=(934) GOMP_loop_end
0 683 131 163 3 17 8 3
cob=(3)
cfi=(3)
cfn=(426)
calls=1 0 
0 7 3 0 0 2
cob=(1)
cfi=(1)
cfn=(188)
calls=1 0 
0 998 319 129 0 66 11 0 0 4
0 5 3 2 0 1
0 69 2 34 1 0 0 1
cfn=(942) 0x00000000000104f0
calls=32 0 
0 804370 115048 131 5 110 9 5
0 224 160 32 0 32 32

fn=(436)
0 9 0 6
cob=(3)
cfi=(3)
cfn=(300)
calls=3 0 
0 584 83 94 7 4 3 7 0 2
cob=(1)
cfi=(1)
cfn=(188)
calls=1 0 
0 1022 324 127 0 11 1 0 1
0 7 5 2 1 2 0 1
0 12 6

fn=(470)
0 6 0 4 1 0 0 1
cob=(3)
cfi=(3)
cfn=(476)
calls=2 0 
0 439 79 77 23 7 2 23 0 1
cob=(1)
cfi=(1)
cfn=(188)
calls=1 0 
0 1056 331 127 0 7 0 0 1
0 6 4 2 1 0 0 1
0 8 4

fn=(580)
0 26 2 16 1 0 0 1
cob=(3)
cfi=(3)
cfn=(200)
calls=2 0 
0 576 190 14 0 1 0 0 1
0 2 2
0 32 18 0 2 0 0 2

fn=(830) 0x000000000000dc90
0 1488 620 651 4 8 50 4 0 37
cfn=(834)
calls=31 0 
0 2536480 362468 33 5 48 0 5
0 77 0 23
cfn=(834)
calls=23 0 
0 358220 51217 23 0 2
0 124 62 31 1 60 0 1
cob=(5)
cfi=(5)
cfn=(872) main._omp_fn.0
calls=31 0 
0 46847288137 19118711485 1915873141 42 1136598615 185812 40 31 182617
0 62 0 31
cfn=(1008)
calls=31 0 
0 892212 127571 159 1 48 0 1
0 69 23 0 0 23

fn=(360)
0 24 0 15 1 0 0 1
cob=(3)
cfi=(3)
cfn=(200)
calls=3 0 
0 891 287 21 0 1 0 0 1
0 3 3
0 27 18 0 1 0 0 1

fn=(604) 0x0000000000006690
0 4 0 1 1 0 0 1
cob=(4)
cfi=(4)
cfn=(610) pthread_key_create
calls=1 0 
0 19 2 3 3 1 0 3
cob=(1)
cfi=(1)
cfn=(188)
calls=1 0 
0 1071 319 114 0 6 0 0 6
0 5 3 2
0 4 1

fn=(706)
0 8 0 4 1 0 0 1
cfn=(436)
calls=1 0 
0 180 28 31 0 2 1 0 0 1
0 8 0 4 1 0 2 1 0 2
cfn=(710)
calls=1 0 
0 14 3 6 2 0 2 2 0 2
0 43 4 25 4 0 11 4 0 11

fn=(878) omp_get_thread_num
0 192 192 0 1 8 0 1

fn=(1202)
0 9 2 1 1

fn=(1002) GOMP_barrier
0 6321368 903250 163 1 698 2 1

fn=(1030)
0 6 1 0 1 1 0 1
cob=(3)
cfi=(3)
cfn=(426)
calls=1 0 
0 7 3 0 0 2
0 1 1 0 0 1

fn=(692)
0 29 10 2 3 3 0 3

fn=(742)
0 736 192 544 3 0 87 3 0 87

fn=(834)
0 2901744 414695 57 5 51 0 5

fn=(884) omp_get_num_threads
0 384 256 0 1 76 0 1

fn=(1008)
0 972924 139106 164 1 48 0 1

fn=(1036)
0 14 7 3 1 1 0 1

fn=(1182) 0x0000000000004330
0 3 1 0 1 1 0 1
cob=(4)
cfi=(4)
cfn=(1188) pthread_key_delete
calls=1 0 
0 14 2 1 0 1
cob=(1)
cfi=(1)
cfn=(188)
calls=1 0 
0 1077 320 116 0 34 1 0 4
0 5 3 2 1 2 0 1

fn=(392)
0 5 0 3 1 0 0 1
cob=(3)
cfi=(3)
cfn=(398)
calls=1 0 
0 11024 2366 1445 62 34 2 62 28 2
cob=(1)
cfi=(1)
cfn=(188)
calls=1 0 
0 1028 327 127 0 10 0 0 2
0 5 3 2 1 1 0 1
0 5 0 2 0 0 1
cfn=(436)
calls=1 0 
0 1222 357 160 3 12 1 3 1
0 3 0 2 1 0 0 1
cob=(4)
cfi=(4)
cfn=(452) pthread_self
calls=1 0 
0 2 2 0 1 0 0 1
cob=(1)
cfi=(1)
cfn=(188)
calls=1 0 
0 981 301 114 0 15 0 0 7
0 5 3 2 1 0 0 1
0 6 1 1
cob=(4)
cfi=(4)
cfn=(460) pthread_getaffinity_np@@GLIBC_2.3.4
calls=1 0 
0 12 2 0 1 0 0 1
cob=(1)
cfi=(1)
cfn=(188)
calls=1 0 
0 1131 331 114 0 10 0 0 3
0 5 3 2 0 1
0 3 1 1
cob=(4)
cfi=(4)
cfn=(460)
calls=1 0 
0 1065 333 131 4 24 0 3 5
0 1 1
0 13 2 2 1 0 0 1
cfn=(470)
calls=1 0 
0 1229 371 159 23 9 0 23 1
0 6 2 2 2 0 0 2
cob=(3)
cfi=(3)
cfn=(502)
calls=1 0 
0 103 17
cob=(1)
cfi=(1)
cfn=(188)
calls=1 0 
0 1163 352 128 2 11 0 2 3
0 5 3 2 1 1 0 1
0 11933 998 3 1 0 2 1 0 1

fn=(710)
0 28 6 12 2 0 3 2 0 3

fn=(942)
0 804370 115048 131 5 110 9 5

ob=(1)
fl=(1)
fn=(6) _dl_sysdep_start
0 350 86 25 6 14 5 6 14 5
cfn=(8) brk
calls=1 0 
0 12 1 1 1 0 1 1 0 1
0 7 2 1 1 1 0 1 1
cfn=(12) sbrk
calls=1 0 
0 17 5 2 2 0 0 2
0 12 3 1 1 0 0 1
cfn=(14) dl_main
calls=1 0 
0 140013 37960 16158 528 1451 598 527 1222 571
0 28 17 1 4 1 0 3
cfn=(10) strlen
calls=1 0 
0 39 3 0 4 0 0 4
0 2 0 1

fn=(18) bcmp
0 1730 431 128 14 9 2 14 9 2

fn=(20) _dl_new_object
0 75 0 50 1 0 1 1 0 1
cfn=(10)
calls=5 0 
0 261 28
0 95 10 10 2 0 0 2
cfn=(24) calloc
calls=5 0 
0 262 43 30 7 0 1 7 0 1
0 5 5 0 1 0 0 1
0 60 5 20 1 0 11 1 0 11
cfn=(34) memcpy
calls=5 0 
0 142 21 16 3 0 5 3 0 5
0 295 43 70 4 6 17 4 6 17
cfn=(10)
calls=4 0 
0 203 20
0 114 47 17 4 0 5 4 0 5
cfn=(52) mempcpy
calls=4 0 
0 138 22 18 3 0 2 3 0 2
0 316 73 8 1 0 0 1
cfn=(28) malloc
calls=4 0 
0 136 24 20
0 4 4
0 20

fn=(38) rtld_lock_default_lock_recursive
0 10 5 5 1 0 1 1 0 1

fn=(64) _dl_debug_state
0 2 2

fn=(80) expand_dynamic_string_token
0 13 0 7 1 0 0 1
cfn=(54) index
calls=1 0 
0 52 5
0 4 0 1 1 0 0 1
cfn=(10)
calls=1 0 
0 73 8
0 3 0 1
cfn=(28)
calls=1 0 
0 34 6 5 0 0 1 0 0 1
0 1 1
0 13 6
cfn=(34)
calls=1 0 
0 52 9 8 0 0 1 0 0 1

fn=(166) _dl_sysdep_start_cleanup
0 1 1 0 1 0 0 1

fn=(190) _dl_fixup
0 2224 853 316 4 242 4 4 26 3
cfn=(138) _dl_lookup_symbol_x
calls=31 0 
0 29836 8896 3182 0 323 35 0 81 15
0 187 51 68 0 19 5 0 3 2
cfn=(138)
calls=17 0 
0 15088 4481 1635 2 368 84 0 36 34
0 1469 545 132 4 10 0 4
cob=(3)
cfi=(3)
cfn=(500)
calls=1 0 
0 10 3 0 2 0 0 2
cob=(3)
cfi=(3)
cfn=(156)
calls=1 0 
0 7 3 0 1 2
0 4

fn=(68) _dl_catch_error
0 81 9 72 1 0 5 1 0 5
cfn=(70) _dl_initial_error_catch_tsd
calls=9 0 
0 18 9
0 54 9 27 1 0 0 1
cfn=(72) __sigsetjmp
calls=9 0 
0 180 45 72 2 0 2 2 0 2
0 72 27 18
cfn=(104) openaux
calls=8 0 
0 18585 3814 2288 72 101 148 72 98 148
cfn=(74) map_doit
calls=1 0 
0 2464 504 260 86 21 30 86 21 30
0 117 54 36 1 0 0 1

fn=(70)
0 22 11

fn=(74)
0 9 3 2 1 0 0 1
cfn=(76) _dl_map_object
calls=1 0 
0 2452 499 257 85 21 30 85 21 30
0 3 2 1

fn=(92) mmap
0 90 15 0 1 0 0 1

fn=(108) _xstat
0 49 4 3 1 0 0 1

fn=(120) _dl_receive_error
0 11 1 7 2 0 0 2
cfn=(70)
calls=1 0 
0 2 1
0 7 2 3
cfn=(122) version_check_doit
calls=1 0 
0 9009 2882 735 22 50 27 22 47 27
0 10 7 2 1 0 0 1

fn=(122)
0 6 2 2 1 0 0 1
cfn=(124) _dl_check_all_versions
calls=1 0 
0 8999 2878 733 21 50 27 21 47 27
0 4 2

fn=(134) _dl_allocate_tls_storage
0 7 2 4 2 0 0 2
cfn=(32) __libc_memalign
calls=1 0 
0 51 9 7
0 1 1
0 315 1 289 1 0 36 1 0 36
cfn=(24)
calls=1 0 
0 43 7 5
0 1 1
0 10 4 2 1 0 1 1 0 1

fn=(140) do_lookup_x
0 39957 13761 6626 6 325 41 6 41 16
cfn=(78) _dl_name_match_p
calls=235 0 
0 11504 3589 940 0 114 9 0 0 5
0 12756 3499 1329 7 203 0 6 145
cfn=(142) check_match.9346
calls=148 0 
0 27420 8957 955 7 275 24 6 108 11
0 743 446

fn=(16) _dl_next_ld_env_entry
0 278 97 2 2 18 0 2 18

fn=(34)
0 699 107 84 6 0 10 6 0 10

fn=(42) strcmp
0 4221 1742 0 1 176 0 1 47
cfn=(43) strcmp'2
calls=402 0 
0 23141 6872 0 0 19 0 0 12
0 1876 469

fn=(43)
0 22029 6470 0 0 19 0 0 12
cfn=(43)
calls=2833 0 
0 124913 37019 0 0 114 0 0 90
0 1112 402

fn=(52)
0 2364 288 174 7 4 36 5 1 36

fn=(58) strsep
0 1231 384 4 2 0 0 2

fn=(86) read
0 20 4 0 1 0 0 1

fn=(98) close
0 25 5

fn=(114) _dl_cache_libcmp
0 2623 397 0 3 30 0 3 30

fn=(162) _dl_add_to_slotinfo
0 48 18 12 2 2 1 2

fn=(170) munmap
0 5 1

fn=(234) init_cacheinfo
0 9 1 4 1 1 0 1 1
cfn=(236) __init_cpu_features
calls=1 0 
0 70 4 12 9 0 0 9
0 30 5 9 4 0 2 4 0 2
cfn=(238) handle_intel.isra.0
calls=1 0 
0 843 184 92 18 6 0 18 6
0 3 0 1
cfn=(238)
calls=1 0 
0 884 184 92 2 0 0 2
0 103 2 0 3 0 0 3

fn=(244) intel_02_known_compare
0 324 162 0 1 6 0 1 6

fn=(1142)
0 23 2 11 3 2 0 3
cob=(4)
cfi=(4)
cfn=(294)
calls=1 0 
0 27 4 4 3 1
0 99 28 27 3 10 11 3
cfn=(1144) _dl_sort_fini
calls=1 0 
0 521 121 38 8 6 0 6
0 2 1 1
cob=(4)
cfi=(4)
cfn=(296)
calls=1 0 
0 24 5 4 3
0 109 39 7 2 11 0 2
cob=(6)
cfi=(6)
cfn=(1190)
calls=1 0 
0 1246 378 143 4 10 0 1
0 8 4 4 0 4
cob=(4)
cfi=(4)
cfn=(1210) 0x00000000000066e0
calls=1 0 
0 1246 378 143 6 13 0 2
cob=(6)
cfi=(6)
cfn=(1182)
calls=1 0 
0 1099 326 119 2 38 1 2 4
cob=(7) /usr/lib64/valgrind/vgpreload_core-amd64-linux.so
cfi=(7) ???
cfn=(1158) 0x0000000000000630
calls=1 0 
0 884 261 110 12 44 11 7
cob=(5)
cfi=(5)
cfn=(1146) 0x0000000000400bb0
calls=1 0 
0 16 5 4 2 1
0 39 12 4 0 6
cob=(2)
cfi=(2)
cfn=(1228)
calls=1 0 
0 3 1 0 1 0 0 1
cob=(2)
cfi=(2)
cfn=(1208)
calls=1 0 
0 3 1 0 1 0 0 1
cob=(2)
cfi=(2)
cfn=(1180)
calls=1 0 
0 3 1 0 1 0 0 1
cob=(2)
cfi=(2)
cfn=(1156)
calls=1 0 
0 3 1 0 1
0 83 30 8 4 3 0 4

fn=(44) _dl_discover_osversion
0 21 8 7 4 0 1 4 0 1
cfn=(46) uname
calls=1 0 
0 5 1 0 1 0 0 1
0 67 7 0 2 1 0 2 1

fn=(56) fillin_rpath
0 20 2 13 2 0 0 2
cfn=(58)
calls=1 0 
0 419 129 2 2 0 0 2
0 6 4 2
cfn=(58)
calls=2 0 
0 13 5 1
0 13 0 2
cfn=(10)
calls=2 0 
0 56 7
0 73 20 8 5 0 0 5
cfn=(28)
calls=2 0 
0 68 12 10
0 2 2
0 22 4 6 0 0 2 0 0 2
cfn=(52)
calls=2 0 
0 46 6 4 0 0 1 0 0 1
0 110 18 23 7 0 0 7

fn=(72)
0 180 45 72 2 0 2 2 0 2

fn=(106) open_path
0 147 36 57 4 1 0 4
cfn=(52)
calls=6 0 
0 138 18 12
0 334 116 24 3 0 0 3
cfn=(52)
calls=18 0 
0 368 46 28
0 72 36 18
cfn=(52)
calls=18 0 
0 446 62 44
0 198 90 18 1 0 0 1
cfn=(82) open_verify
calls=18 0 
0 720 180 198 1 0 2 1 0 2
0 242 46 8 2 0 0 2
cfn=(108)
calls=4 0 
0 49 4 3 1 0 0 1
0 147 47 16 3 0 0 3

fn=(112) _dl_sysdep_read_whole_file
0 11 0 5 1 0 0 1
cfn=(84) open
calls=1 0 
0 5 1
0 7 0 1 1 0 0 1
cfn=(90) _fxstat
calls=1 0 
0 10 1
0 8 1 2 0 0 1 0 0 1
cfn=(98)
calls=1 0 
0 5 1
0 13 5 1 1 0 0 1
cfn=(92)
calls=1 0 
0 6 1
0 2

fn=(136) _dl_relocate_object
0 18353 4852 2275 20 755 261 20 692 251
cfn=(138)
calls=103 0 
0 75089 22061 8445 28 387 11 28 279
0 3176 921 333 8 34 12 8 18 8
cob=(3)
cfi=(3)
cfn=(160)
calls=1 0 
0 13 4 0 1 0 0 1
cob=(3)
cfi=(3)
cfn=(158)
calls=1 0 
0 22 4 5 1 0 0 1
cob=(3)
cfi=(3)
cfn=(156)
calls=1 0 
0 7 3 0 2 0 0 2
cob=(3)
cfi=(3)
cfn=(154)
calls=1 0 
0 6 3 0 2 0 0 2
cob=(3)
cfi=(3)
cfn=(152)
calls=1 0 
0 6 3 0 1 0 0 1
cob=(3)
cfi=(3)
cfn=(148)
calls=1 0 
0 22 4 5 4 2 0 4
cob=(3)
cfi=(3)
cfn=(144)
calls=1 0 
0 77 7 13 10 2 0 10 2
0 405 91 37 7 4 10 7 2 10
cfn=(94) mprotect
calls=6 0 
0 30 6
0 260 50 36 7 6 1 7 5
cfn=(138)
calls=5 0 
0 2946 792 333 0 4 0 0 3
0 216 40 23 6 1 1 6 1 1

fn=(174) _dl_init
0 143 53 16 3 9 0 3
cob=(2)
cfi=(2)
cfn=(616)
calls=1 0 
0 608 174 77 2 13 0 1
cob=(2)
cfi=(2)
cfn=(264)
calls=1 0 
0 61120 14817 1094 121 1173 126 119 848 111
cob=(3)
cfi=(3)
cfn=(246)
calls=1 0 
0 165 40 26 13 8 3 13 0 1
0 72 24 4 1 10 0 1
cob=(7)
cfi=(7)
cfn=(628) 0x0000000000000670
calls=1 0 
0 16 3 1 4 0 0 4
cob=(6)
cfi=(6)
cfn=(340)
calls=1 0 
0 16 3 1 4 1 0 4
cob=(3)
cfi=(3)
cfn=(254)
calls=1 0 
0 1869 375 197 27 6 2 27 6 2
cfn=(234)
calls=1 0 
0 1942 380 210 37 7 2 37 7 2
0 8 2 2
cob=(6)
cfi=(6)
cfn=(604)
calls=1 0 
0 1103 325 120 4 7 0 4 6
cob=(6)
cfi=(6)
cfn=(348)
calls=1 0 
0 40513 8758 3105 139 186 12 138 73 3
0 70 15 4 5 2 1 3
cob=(2)
cfi=(2)
cfn=(176)
calls=1 0 
0 7309 2161 840 52 78 20 52 25 13
0 19 7 2 1 0 0 1
cob=(4)
cfi=(4)
cfn=(226) 0x0000000000006720
calls=1 0 
0 16 3 1 4 0 0 4
0 10 1 1 2 0 0 2

fn=(188)
0 720 96 384 2 0 12 2 0 6
cfn=(190)
calls=48 0 
0 48825 14832 5333 13 964 128 10 146 54
0 672 336 0 1 0 0 1

fn=(24)
0 96 0 0 2 0 0 2
cfn=(28)
calls=12 0 
0 476 84 67 5 0 1 5 0 1
0 12 12

fn=(28)
0 93
cfn=(32)
calls=31 0 
0 998 167 162 5 0 2 5 0 2
0 31 31

fn=(54)
0 470 41 0 2 5 0 2 5

fn=(84)
0 187 23 18 1 0 0 1

ob=(4)
fl=(4)
fn=(226)
0 16 3 1 4 0 0 4

fn=(296)
0 48 10 8 6 2 0 3

fn=(452)
0 2 2 0 1 0 0 1

fn=(1064)
0 14 3 5 1 2 0 1

fn=(294)
0 54 8 8 6 1 0 3

fn=(562)
0 27 0 9 2 0 1 2
cob=(3)
cfi=(3)
cfn=(568)
calls=1 0 
0 3 3 0 1 1 0 1
cob=(1)
cfi=(1)
cfn=(188)
calls=1 0 
0 1119 344 127 0 9 0 0 3
0 5 3 2 1 1 0 1

ob=(1)
fl=(1)
fn=(132) _dl_determine_tlsoffset
0 88 15 9 5 1 0 5

fn=(164) _dl_allocate_tls_init
0 2816 736 448 8 6 0 5
cfn=(52)
calls=64 0 
0 1184 128 64 2 3 32 0 0 32
0 256 0 64
cfn=(96) memset
calls=64 0 
0 1984 128 960 7 3 96 1 1 96
0 672 416 32 2 0 0 2

fn=(798) _dl_allocate_tls
0 341 31 124 1 0 0 1
cob=(3)
cfi=(3)
cfn=(286)
calls=31 0 
0 9652 1197 2213 11 18 286 10 1 285
0 31 31 0 1 6
0 310 93 62 1 0 0 1
cfn=(164)
calls=31 0 
0 6696 1364 1519 11 8 124 0 0 124

fn=(8)
0 12 1 1 1 0 1 1 0 1

fn=(12)
0 17 5 2 2 0 0 2

fn=(36) _dl_add_to_namespace_list
0 35 5 15 1 0 0 1
cfn=(38)
calls=5 0 
0 10 5 5 1 0 1 1 0 1
0 148 35 20
cfn=(40) rtld_lock_default_unlock_recursive
calls=4 0 
0 8 4 4
0 13 4 3 1 0 0 1
cfn=(40)
calls=1 0 
0 2 1 1
0 2 0 1

fn=(40)
0 10 5 5

fn=(50) _dl_important_hwcaps
0 83 12 31 9 0 2 9 0 2
cfn=(28)
calls=1 0 
0 34 6 5
0 1 1
0 162 28 14 7 0 0 7
cfn=(52)
calls=1 0 
0 22 3 2 2 1 1 2 1 1
0 5 2 2
cfn=(52)
calls=1 0 
0 22 3 2
0 4 0 3

fn=(82)
0 418 44 198 2 0 2 2 0 2
cfn=(84)
calls=22 0 
0 182 22 18 1 0 0 1
0 102 4 34 1 0 0 1
cfn=(86)
calls=4 0 
0 20 4 0 1 0 0 1
0 56 4 8 1 0 0 1
cfn=(18)
calls=4 0 
0 349 92 24 0 1 0 0 1
0 36 4 4 1 0 0 1
cfn=(18)
calls=4 0 
0 320 84 24
0 458 75 2 3 6 0 3 6
cfn=(18)
calls=2 0 
0 146 24 12 2 0 0 2
0 16 0 4 1 0 0 1
cfn=(18)
calls=4 0 
0 320 84 32 5 1 1 5 1 1
0 258 170 1 4 0 0 4
cfn=(18)
calls=1 0 
0 88 23 6 0 1 0 0 1
0 2

fn=(90)
0 50 5 0 2 0 0 2

fn=(94)
0 50 10 0 1 0 0 1

fn=(116) strdup
0 15 0 9 1 0 0 1
cfn=(10)
calls=3 0 
0 130 12
0 9 0 3
cfn=(28)
calls=3 0 
0 102 18 15
0 3 3
0 27 6
cfn=(34)
calls=3 0 
0 90 14 11 0 0 2 0 0 2

fn=(124)
0 54 6 10 2 0 0 2
cfn=(126) _dl_check_map_versions
calls=6 0 
0 8896 2861 723 19 50 27 19 47 27
0 49 11

fn=(128) match_symbol
0 1636 581 180 4 26 0 4 24
cfn=(42)
calls=20 0 
0 1622 472 0 0 11 0 0 11
0 200 140 0 1 0 0 1

fn=(192) _dl_get_tls_static_info
0 5 3 2 0 0 1 0 0 1

fn=(236)
0 70 4 12 9 0 0 9

fn=(238)
0 40 0 20 2 0 0 2
cfn=(240) intel_check_word
calls=2 0 
0 1444 340 146 9 6 0 9 6
0 14 0 2 1 0 0 1
cfn=(240)
calls=2 0 
0 189 14 12 6 0 0 6
0 40 14 4 2 0 0 2

fn=(2) _dl_start
0 604 113 52 13 22 16 13 22 16
cfn=(4) _dl_setup_hash
calls=1 0 
0 23 7 6 3 1 0 3 1
0 17 0 7 2 0 2 2 0 2
cfn=(6)
calls=1 0 
0 140480 38077 16190 547 1467 604 545 1237 577
0 59 17 9 1 3 2 1 1 1

fn=(10)
0 1259 133 0 4 1 0 4 1

fn=(60) _dl_debug_initialize
0 57 19 4 3 2 0 3 1

fn=(62) _dl_count_modids
0 4 3 0 2 0 0 2

fn=(66) do_preload
0 17 1 8 2 0 0 2
cfn=(68)
calls=1 0 
0 2522 521 285 91 21 33 91 21 33
0 10 6 0 1 0 0 1

fn=(76)
0 601 104 107 3 0 4 3 0 4
cfn=(78)
calls=35 0 
0 2300 705 149 3 1 1 3 1 1
0 191 71 8 1 0 1 1 0 1
cfn=(54)
calls=4 0 
0 121 10
0 14 0 1 1 0 0 1
cfn=(80)
calls=1 0 
0 245 35 22 2 0 2 2 0 2
0 11 0 2 1 0 0 1
cfn=(82)
calls=1 0 
0 447 100 37 17 8 1 17 8 1
0 71 12 20 1 0 0 1
cfn=(88) _dl_map_object_from_fd
calls=4 0 
0 6832 1172 1374 65 47 164 65 47 164
0 10 0 3 1 0 0 1
cfn=(10)
calls=3 0 
0 178 18
0 75 15 15 2 0 0 2
cfn=(106)
calls=3 0 
0 2861 681 426 15 1 2 15 0 2
0 93 24 15 6 0 0 6
cfn=(110) _dl_load_cache_lookup
calls=3 0 
0 4560 738 165 26 60 3 26 60 3
0 54 9 6
cfn=(82)
calls=3 0 
0 1604 354 132 4 1 0 4 1
0 288 96 39 6 2 0 6
cfn=(42)
calls=15 0 
0 315 105 0 0 2 0 0 2
0 30 0 0 1 0 0 1

fn=(100) access
0 9 1 1 2 0 0 2

fn=(130) init_tls
0 11 2 3 1 1 0 1
cfn=(24)
calls=1 0 
0 64 11 7
0 1 1
0 53 13 6 1 2 1 1 0 1
cfn=(132)
calls=1 0 
0 88 15 9 5 1 0 5
0 1 0 1
cfn=(134)
calls=1 0 
0 428 25 307 4 0 37 4 0 37
0 16 3 4 2 0 0 2

fn=(138)
0 25024 3674 3432 5 150 56 5 105 17
cfn=(140)
calls=156 0 
0 92380 30252 9850 20 917 74 18 294 32
0 5555 2304 313 5 15 0 5

fn=(46)
0 5 1 0 1 0 0 1

fn=(78)
0 2128 304 912 2 4 10 2 0 6
cfn=(42)
calls=304 0 
0 2135 914 0 0 53
0 3678 922 315 0 35
cfn=(42)
calls=315 0 
0 5673 1929 0 0 23 0 0 1
0 2454 912 0 1 0 0 1

fn=(96)
0 3096 159 1660 22 11 185 14 6 185

fn=(110)
0 575 107 63 5 25 0 5 25
cfn=(114)
calls=30 0 
0 2393 362 0 3 30 0 3 30
0 133 0 1 1 0 0 1
cfn=(112)
calls=1 0 
0 67 10 9 3 0 1 3 0 1
0 10 1 1 1 0 0 1
cfn=(18)
calls=1 0 
0 112 29 6 0 2 0 0 2
0 15 1 3 1 0 0 1
cfn=(18)
calls=1 0 
0 169 34 6 4 1 0 4 1
0 43 9 6 2 0 0 2
cfn=(114)
calls=3 0 
0 230 35
0 126 39 15 4 1 0 4 1
cfn=(10)
calls=3 0 
0 161 20 0 0 1 0 0 1
0 30 3 3 1 0 0 1
cfn=(34)
calls=3 0 
0 90 14 11
0 6 0 3
cfn=(116)
calls=3 0 
0 376 53 38 1 0 2 1 0 2
0 24 21

fn=(118) _dl_next_tls_modid
0 12 6 2 1 0 0 1

fn=(126)
0 425 102 108 4 4 0 4 4
cfn=(78)
calls=34 0 
0 2264 687 138
0 400 190 6 2 5 0 2 5
cfn=(128)
calls=3 0 
0 396 136 27 5 8 0 5 8
0 51 17 34
cfn=(128)
calls=17 0 
0 3062 1057 153 0 29 0 0 27
0 660 169 8 3 3 0 3 3
cfn=(24)
calls=5 0 
0 215 35 25
0 5 5
0 1418 463 224 5 1 27 5 0 27

fn=(142)
0 3403 1111 814 2 77 23 2 45 11
cfn=(42)
calls=75 0 
0 7318 2123 0 0 69 0 0 44
0 3967 2186 141 5 93 1 4 19
cfn=(42)
calls=141 0 
0 12168 3537 0 0 36
0 564

fn=(168) _dl_unload_cache
0 7 2 1 2 2 0 1
cfn=(170)
calls=1 0 
0 5 1
0 3 1 1

fn=(242) bsearch
0 584 108 118 3 0 0 3
cfn=(244)
calls=54 0 
0 324 162 0 1 6 0 1 6
0 318 56

fn=(1144)
0 27 0 13 2 0 0 2
cfn=(96)
calls=1 0 
0 18 2 2 0 1
0 50 11 13
cfn=(96)
calls=4 0 
0 69 8 5 2 1
0 357 100 5 4 4 0 4

fn=(0) 0x0000000000001430
0 2 0 1 1 0 1 1 0 1
cfn=(2)
calls=1 0 
0 141183 38214 16264 566 1493 624 564 1261 596
0 14 3 2 2 1 0 1
cfn=(174)
calls=1 0 
0 114999 27141 5701 419 1500 166 413 965 132
0 3
cob=(5)
cfi=(5)
cfn=(638) 0x0000000000400ad0
calls=1 0 
0 2207303260 900636663 90350825 441 53563301 7155 367 55 6938

fn=(4)
0 138 42 36 3 7 0 3 7

fn=(14)
0 40 3 19 4 0 6 4 0 6
cfn=(16)
calls=1 0 
0 114 39 1 2 7 0 2 7
0 4 2 2
cfn=(16)
calls=2 0 
0 164 58 1 0 11 0 0 11
0 157 23 1 3 1 0 3 1
cfn=(18)
calls=1 0 
0 120 31 6 3 1 1 3 1 1
0 9 0 2 2 0 0 2
cfn=(18)
calls=1 0 
0 26 9 6 0 1 0 0 1
0 20 4 2 4 0 1 4 0 1
cfn=(20)
calls=1 0 
0 244 29 50 21 2 13 21 2 13
0 10 3 4 1 0 1 1 0 1
cfn=(36)
calls=1 0 
0 34 8 9 3 0 1 3 0 1
0 140 21 8 6 6 0 6 6
cfn=(42)
calls=1 0 
0 7 3 0 1 1 0 1 1
0 220 30 26 7 6 5 7 6 5
cfn=(4)
calls=1 0 
0 23 7 6 0 1 0 0 1
0 5 2 1 1 0 0 1
cfn=(44)
calls=1 0 
0 93 16 7 7 1 1 7 1 1
0 82 23 14 9 3 1 9 3 1
cfn=(18)
calls=1 0 
0 80 21 6 0 1 0 0 1
0 7 1 2 2 0 0 2
cfn=(48) _dl_init_paths
calls=1 0 
0 1817 348 192 54 1 10 54 1 10
0 3 1 1
cfn=(60)
calls=1 0 
0 17 4 4 3 1 0 3 1
0 53 14 15 5 2 2 5 2 2
cfn=(62)
calls=1 0 
0 4 3 0 2 0 0 2
0 19 5 3 1 0 0 1
cfn=(100)
calls=1 0 
0 9 1 1 2 0 0 2
0 20 2 2 2 0 0 2
cfn=(102) _dl_map_object_deps
calls=1 0 
0 21920 4477 2748 107 115 157 107 105 157
0 130 23 16 7 0 0 7
cfn=(120)
calls=1 0 
0 9039 2893 747 25 50 27 25 47 27
0 5 2 2
cfn=(130)
calls=1 0 
0 662 70 337 13 4 38 13 0 38
0 153 46 22 7 6 0 7
cfn=(136)
calls=5 0 
0 94286 26943 10767 97 1164 294 97 999 270
0 53 13 3 3 3 0 3
cfn=(164)
calls=1 0 
0 216 44 49 8 4 4 8 1 4
0 5 1 1 1 0 0 1
cfn=(166)
calls=1 0 
0 1 1 0 1 0 0 1
0 6 1 1
cfn=(60)
calls=1 0 
0 8 3 0 0 1
0 3 0 2
cfn=(64)
calls=1 0 
0 1 1
0 2 0 1
cfn=(168)
calls=1 0 
0 15 4 2 2 2 0 1
0 16 8 3 1 2 0 1
cfn=(162)
calls=2 0 
0 48 18 12 2 2 1 2
0 15 2 2 2 0 0 2
cfn=(136)
calls=1 0 
0 6342 1898 738 0 31 2 0 3
0 14 1 3 3 0 0 3
cfn=(10)
calls=1 0 
0 77 8
0 8 0 1 1 0 0 1
cfn=(34)
calls=1 0 
0 52 9 8 3 0 0 3
0 10 0 2
cfn=(58)
calls=1 0 
0 795 248 1
0 3 0 1
cfn=(58)
calls=1 0 
0 4 2
0 15 2 1 1 0 0 1
cfn=(66)
calls=1 0 
0 2549 528 293 94 21 33 94 21 33
0 5 1 2 1 0 0 1
cfn=(64)
calls=1 0 
0 1 1
0 13 1 2 4 0 0 4

fn=(32)
0 678 67 100 2 0 2 2 0 2
cfn=(92)
calls=4 0 
0 24 4 0 1 0 0 1
0 347 105 69 2 0 0 2

fn=(48)
0 14 2 7 1 0 0 1
cfn=(50)
calls=1 0 
0 333 55 59 18 1 3 18 1 3
0 3 0 2 1 0 0 1
cfn=(28)
calls=1 0 
0 34 6 5
0 1 1
0 15 1 2 1 0 0 1
cfn=(28)
calls=1 0 
0 34 6 5
0 1 1
0 81 3 23 8 0 4 8 0 4
cfn=(54)
calls=1 0 
0 43 4 0 2 0 0 2
0 4 0 1
cfn=(10)
calls=1 0 
0 81 9
0 8 0 1 1 0 0 1
cfn=(34)
calls=1 0 
0 36 6 5
0 216 27 1 1 0 0 1
cfn=(28)
calls=1 0 
0 34 6 5
0 1 1
0 10 1 2 1 0 0 1
cfn=(56)
calls=1 0 
0 848 209 71 16 0 3 16 0 3
0 20 10 3 4 0 0 4

fn=(88)
0 72 4 44 2 0 2 2 0 2
cfn=(60)
calls=4 0 
0 32 12
0 20 0 8 1 0 0 1
cfn=(90)
calls=4 0 
0 40 4 0 2 0 0 2
0 218 94 8 3 2 0 3 2
cfn=(20)
calls=4 0 
0 1882 316 209 6 4 29 6 4 29
0 1156 164 106 10 0 15 10 0 15
cfn=(118)
calls=2 0 
0 12 6 2 1 0 0 1
0 130 58 26 4 0 3 4 0 3
cfn=(92)
calls=4 0 
0 24 4
0 200 52 28 3 0 1 3 0 1
cfn=(96)
calls=4 0 
0 938 11 686 10 4 89 10 4 89
0 124 44 4 2 0 0 2
cfn=(92)
calls=4 0 
0 24 4
0 1348 226 155 12 32 25 12 32 25
cfn=(98)
calls=2 0 
0 10 2
0 4 2 2
cfn=(98)
calls=2 0 
0 10 2
0 60 16 8 1 0 0 1
cfn=(4)
calls=4 0 
0 92 28 24 0 5 0 0 5
0 62 28 14 1 0 0 1
cfn=(36)
calls=4 0 
0 184 46 40
0 72 40 4 2 0 0 2
cfn=(94)
calls=4 0 
0 20 4 0 1 0 0 1
0 20 2 2 1 0 0 1
cfn=(92)
calls=2 0 
0 12 2
0 66 1 4 3 0 0 3

fn=(102)
0 886 167 74 9 5 0 9
cfn=(54)
calls=8 0 
0 254 22 0 0 5 0 0 5
0 72 32 16 1 0 0 1
cfn=(68)
calls=8 0 
0 19049 3950 2488 72 101 152 72 98 152
0 48 24

ob=(4)
fl=(4)
fn=(562)
0 5 2 1

fn=(1210)
0 8 2 2 2 1
cob=(3)
cfi=(3)
cfn=(1168)
calls=1 0 
0 72 20 7
cob=(1)
cfi=(1)
cfn=(188)
calls=1 0 
0 1148 349 129 0 10
0 5 3 2 2 2 0 1
0 1 0 1
cfn=(1222) 0x0000000000006670
calls=1 0 
0 9 2 1 2 0 0 1
0 3 2 1

fn=(180) __libc_sigaction
0 134 38 38 5 0 1 5

fn=(1188)
0 14 2 1 0 1

fn=(178)
0 67 6 38 5 2 6 5 0 1
cfn=(180)
calls=1 0 
0 67 19 19 5 0 1 5
0 7 0 3 1 0 0 1
cfn=(180)
calls=1 0 
0 67 19 19
0 11 0 2 1 0 0 1
cob=(1)
cfi=(1)
cfn=(192)
calls=1 0 
0 5 3 2 0 0 1 0 0 1
cob=(1)
cfi=(1)
cfn=(188)
calls=1 0 
0 1364 406 140 9 11 1 9 2
0 5 3 2 1 1 0 1
0 13 3 3 1 0 1 1 0 1
cob=(3)
cfi=(3)
cfn=(198)
calls=1 0 
0 306 98 7 9 27 0 9 1
cob=(1)
cfi=(1)
cfn=(188)
calls=1 0 
0 1253 372 127 0 6 0 0 4
0 5 3 2 1 1 0 1
0 7 0 1
cob=(3)
cfi=(3)
cfn=(208)
calls=1 0 
0 5 1 0 1 0 0 1
cob=(1)
cfi=(1)
cfn=(188)
calls=1 0 
0 1130 347 127 0 9 0 0 8
0 5 3 2 1 0 0 1
0 18 3 3 2 0 2 2 0 2
cob=(3)
cfi=(3)
cfn=(214)
calls=1 0 
0 3 3 0 1 1 0 1
cob=(1)
cfi=(1)
cfn=(188)
calls=1 0 
0 1231 367 127 0 4
0 5 3 2 1 0 0 1
0 2 1 1
cob=(1)
cfi=(1)
cfn=(70)
calls=1 0 
0 2 1
0 22 3 9 2 1 0 2
cob=(3)
cfi=(3)
cfn=(220)
calls=1 0 
0 443 119 71 7 6 8 7 2 8
cob=(1)
cfi=(1)
cfn=(188)
calls=1 0 
0 1239 368 127 0 9 0 0 8
0 5 3 2 1 0 0 1
0 18 6 3 2 0 0 2

fn=(610)
0 19 2 3 3 1 0 3

fn=(1130)
0 8 3 1 1 0 0 1

fn=(576)
0 5 1 1 1 0 0 1

fn=(726)
0 34 7 7 3 1 2 3

fn=(806) do_clone.constprop.4
0 651 31 186 2 0 0 2
cob=(3)
cfi=(3)
cfn=(812)
calls=31 0 
0 558 62 62 2 0 31 2 0 31
cob=(1)
cfi=(1)
cfn=(188)
calls=1 0 
0 1029 326 127 0 9 2 0 2 2
0 35 33 2
0 341 124 31 1 0 0 1

fn=(460)
0 29 3 1 2 0 0 2
cob=(3)
cfi=(3)
cfn=(314)
calls=1 0 
0 16 2 0 0 1 0 0 1
cob=(1)
cfi=(1)
cfn=(188)
calls=1 0 
0 1024 326 128 2 21 0 1 4
0 5 3 2 1 2 0 1
0 3 1

fn=(788)
0 465 0 341 1 0 0 1
cob=(3)
cfi=(3)
cfn=(568)
calls=31 0 
0 93 93 0 0 1
0 31 31 0 0 1
0 3317 899 868 10 12 63 10 0 63
cfn=(806)
calls=31 0 
0 2614 576 408 5 9 33 5 2 33
0 775 372 31 2 1 0 2
cob=(3)
cfi=(3)
cfn=(804)
calls=31 0 
0 155 31 0 1 0 0 1
cob=(1)
cfi=(1)
cfn=(188)
calls=1 0 
0 1075 334 127 0 9 0 0 1
0 35 33 2 1
0 558 93 124 4 0 0 4
cob=(3)
cfi=(3)
cfn=(684)
calls=31 0 
0 186 31
cob=(1)
cfi=(1)
cfn=(188)
calls=1 0 
0 1007 321 127 0 27 3 0 3 3
0 35 33 2 1 2 0 1
0 558 93 310 2 1 159 2 0 155
cob=(1)
cfi=(1)
cfn=(798)
calls=31 0 
0 17030 2716 3918 25 32 410 12 1 409
cob=(1)
cfi=(1)
cfn=(188)
calls=1 0 
0 1275 387 140 0 27
0 35 33 2 1 1
0 713 93 248 2 1 1 2

fn=(820)
0 403 31 155 1 1 45 1 0 31
cob=(3)
cfi=(3)
cfn=(252)
calls=31 0 
0 496 310 93 0 5 8
cob=(1)
cfi=(1)
cfn=(188)
calls=1 0 
0 1159 352 129 1 25 12 1 4 12
0 35 33 2 1
0 341 93 31 1 0 0 1

ob=(1)
fl=(1)
fn=(102)
0 114 16 36 3 0 0 3
cfn=(28)
calls=4 0 
0 136 24 20
0 4 4
0 40 0 8 0 0 1 0 0 1
cfn=(34)
calls=4 0 
0 95 13 9 0 0 1 0 0 1
0 20 0 4
cfn=(34)
calls=4 0 
0 95 13 9 0 0 1 0 0 1
0 84 29 11 3 0 0 3
cfn=(28)
calls=1 0 
0 34 6 5
0 1 1
0 93 31 18 5 0 2 5 0 2
cfn=(96)
calls=1 0 
0 18 2 2 1 1 0 1
0 314 75 20 2 0 0 2
cfn=(96)
calls=4 0 
0 69 8 5 2 1 0 2 1
0 444 52 16 9 2 0 9 1
cfn=(34)
calls=1 0 
0 47 8 7
0 3

fn=(104)
0 112 48 16 2 0 0 2
cfn=(76)
calls=8 0 
0 18449 3750 2264 70 101 148 70 98 148
0 24 16 8

fn=(240)
0 188 0 40 3 0 0 3
cfn=(242)
calls=8 0 
0 1226 326 118 4 6 0 4 6
0 128 28 0 3 0 0 3

ob=(4)
fl=(4)
fn=(820)
0 124 0 93 1 0 31 1 0 31
cob=(3)
cfi=(3)
cfn=(662)
calls=31 0 
0 930 186 310 0 5
cob=(1)
cfi=(1)
cfn=(188)
calls=1 0 
0 1043 328 129 0 9 0 0 3
0 35 33 2 1 1 0 1
0 341 124 62 1 10 7 1
cob=(6)
cfi=(6)
cfn=(830)
calls=31 0 
0 46851076869 19119253446 1915874092 53 1136598804 185862 51 31 182654

fn=(1222)
0 9 2 1 2 0 0 1

ob=(1)
fl=(1)
fn=(240)
0 91 0 0 5 0 0 5

ob=(7)
fl=(7)
fn=(628)
0 16 3 1 4 0 0 4

fn=(1174) 0x00000000000005c0
0 9 2 1 1

fn=(1158)
0 8 2 2 2 2
cob=(3)
cfi=(3)
cfn=(1168)
calls=1 0 
0 72 20 7 7 5 0 7
cob=(1)
cfi=(1)
cfn=(188)
calls=1 0 
0 786 232 96 1 37 11
0 5 3 2 1
0 1 0 1
cfn=(1174)
calls=1 0 
0 9 2 1 1
0 3 2 1

ob=(5)
fl=(5)
fn=(274)
0 16 5 2 1 2 0 1 1
cob=(3)
cfi=(3)
cfn=(282)
calls=1 0 
0 58180 13933 741 105 1079 119 105 839 109
cob=(1)
cfi=(1)
cfn=(188)
calls=1 0 
0 1120 343 127 0 16 0 0 4
0 5 3 2 2 1 0 2
0 3
cfn=(328) atexit
calls=1 0 
0 1192 361 145 10 70 7 9 4 2

fn=(638)
0 11 1 3 1 0 0 1
cob=(3)
cfi=(3)
cfn=(644)
calls=1 0 
0 2207302065 900636303 90350693 440 53563292 7155 366 53 6938
cob=(1)
cfi=(1)
cfn=(188)
calls=1 0 
0 1179 356 127 0 7 0 0 2
0 5 3 2 0 2

fn=(872)
0 128 0 64 1 0 31 1 0 30
cob=(3)
cfi=(3)
cfn=(674)
calls=32 0 
0 1141 486 357 1 47 47 0 0 30
0 32 32 0 0 15
0 64 0 64
cob=(6)
cfi=(6)
cfn=(878)
calls=32 0 
0 96 96 0 1 8 0 1
cob=(1)
cfi=(1)
cfn=(188)
calls=1 0 
0 926 272 103 0 38 11 0 8 11
0 36 34 2 1 9 0 1
0 64 0 64
cob=(6)
cfi=(6)
cfn=(884)
calls=32 0 
0 192 128 0 1 14 0 1
cob=(1)
cfi=(1)
cfn=(188)
calls=1 0 
0 941 275 103 0 6 0 0 3
0 36 34 2
0 416 288 64 1 0 15 1
cfn=(886) init_pattern_matrices_omp
calls=32 0 
0 27823517 11120921 3004314 28 1083 125676 28 18 123576
0 544 384 96 1 63
cfn=(994) matrix_multiply
calls=32 0 
0 49025344329 20007907795 2003003107 7 1190156551 62863 7 2 61749
0 64 64 0 0 31

fn=(994)
0 160 0 96
cob=(3)
cfi=(3)
cfn=(674)
calls=32 0 
0 1637 641 388 0 127 32
0 32 32 0 0 31
0 224 0 224
cob=(6)
cfi=(6)
cfn=(884)
calls=32 0 
0 192 128 0 0 62
0 32 32
0 64 0 32 1 0 0 1
cob=(6)
cfi=(6)
cfn=(878)
calls=32 0 
0 96 96
0 32 32 0 0 31
0 49019019485 20007003198 2003002099 5 1190155485 62816 5 0 61747
cob=(6)
cfi=(6)
cfn=(1002)
calls=32 0 
0 6321368 903250 163 1 698 2 1
cob=(1)
cfi=(1)
cfn=(188)
calls=1 0 
0 843 256 103 0 53 13 0 2 2
0 36 34 2 0 33
0 128 96 0 0 31

fn=(1132) destroy_matrix
0 12 0 6
cob=(3)
cfi=(3)
cfn=(674)
calls=3 0 
0 163 62 44 1 11 7
0 3 3 0 0 3
0 30009 12000 6006 0 374
cob=(3)
cfi=(3)
cfn=(426)
calls=3000 0 
0 667035 182596 97419 15 3025 3 1
cob=(1)
cfi=(1)
cfn=(188)
calls=1 0 
0 998 319 129 1 10 1 0 1
0 3004 3002 2
0 9012 3009 3000 1 0 0 1

fn=(678) create_matrix
0 15 0 9 1 0 0 1
cob=(3)
cfi=(3)
cfn=(674)
calls=3 0 
0 168 63 48 2 10 4 2
0 3 3
0 6 0 3
cob=(3)
cfi=(3)
cfn=(300)
calls=3 0 
0 516 75 87 1 4 3 0 0 3
cob=(1)
cfi=(1)
cfn=(188)
calls=1 0 
0 1022 324 127 0 2 0 0 1
0 7 5 2
0 21009 6000 3006
cob=(3)
cfi=(3)
cfn=(300)
calls=3000 0 
0 527205 77793 88692 13 3 3017 11 0 3012
0 3000 3000
0 12021 3015 6000 1 0 363 1 0 353

fn=(1150) 0x0000000000400b40
0 8 2 1 1

fn=(328)
0 6 1 0 2 1 0 1 1
cob=(3)
cfi=(3)
cfn=(334)
calls=1 0 
0 61 13 16 7 2 2 7 0 2
cob=(1)
cfi=(1)
cfn=(188)
calls=1 0 
0 1120 344 127 0 65 4 0 3
0 5 3 2 1 2 1 1

fn=(646)
0 16 0 7 2 0 0 2
cob=(2)
cfi=(2)
cfn=(648)
calls=1 0 
0 11 3 1
0 7 1 1 0 1 0 0 1
cfn=(654) 0x0000000000400bd0
calls=1 0 
0 15 3 1 3 0 0 3
0 11 7

fn=(654)
0 15 3 1 3 0 0 3

fn=(668)
0 4 0 2 1 0 0 1
cob=(3)
cfi=(3)
cfn=(674)
calls=1 0 
0 35 15 11 5 0 1 5
cob=(1)
cfi=(1)
cfn=(188)
calls=1 0 
0 1013 324 127 0 5 0 0 1
0 5 3 2
0 3 0 2
cfn=(678)
calls=1 0 
0 189942 30568 32876 7 7 1114 4 1 1106
0 3 0 2 0 0 1
cfn=(678)
calls=1 0 
0 189077 30283 32771 0 5 1128 0 0 1125
0 3 0 2 1 0 1 1
cfn=(678)
calls=1 0 
0 185953 29427 32327 11 7 1145 11 0 1137
0 16 5 7 1 1 1 1
cob=(6)
cfi=(6)
cfn=(690)
calls=1 0 
0 42622 8765 8289 109 193 849 94 21 791
cob=(1)
cfi=(1)
cfn=(188)
calls=1 0 
0 942 276 101 0 51 6 0 5
0 5 3 2 1 1 0 1
0 3 0 1
cfn=(872)
calls=1 0 
0 2205884389 900319324 90135199 0 53559250 2831 0 0 2779
0 1 0 1
cob=(6)
cfi=(6)
cfn=(1016)
calls=1 0 
0 80817 11580 29 8 11 0 8
cob=(1)
cfi=(1)
cfn=(188)
calls=1 0 
0 918 271 103 0 53 10
0 5 3 2 0 1
0 25 11 6 1 4 1 1
cob=(3)
cfi=(3)
cfn=(1058)
calls=1 0 
0 7718 1980 1217 188 37 21 184 15
cob=(1)
cfi=(1)
cfn=(188)
calls=1 0 
0 1028 325 129 0 30 5 0 2
0 5 3 2
0 3 1 1
cfn=(1132)
calls=1 0 
0 239502 67859 35925 17 1152 6 1 1
0 3 1 1 0 1
cfn=(1132)
calls=1 0 
0 238495 67537 35790 0 1130 2
0 3 1 1 0 1
cfn=(1132)
calls=1 0 
0 232239 65595 34891 1 1141 3 1
0 3 2 0 0 1

fn=(886)
0 128 0 64 1 0 0 1
cob=(3)
cfi=(3)
cfn=(674)
calls=32 0 
0 1637 641 388 1 30 32 1 0 29
0 32 32
0 512 32 192 1 0 0 1
cob=(6)
cfi=(6)
cfn=(892)
calls=32 0 
0 2511 844 513 11 30 32 11 0 31
cob=(1)
cfi=(1)
cfn=(188)
calls=1 0 
0 1016 290 103 0 11 3 0 7 3
0 36 34 2
0 27007667 11002134 3002134 3 302 125525 3 1 123499
cob=(6)
cfi=(6)
cfn=(922)
calls=67 0 
0 1434 536 185 1 268 0 1
cob=(1)
cfi=(1)
cfn=(188)
calls=1 0 
0 993 286 103 0 53 11 0 4
0 71 69 2 1 68 1 1
0 166 0 32
cob=(6)
cfi=(6)
cfn=(934)
calls=32 0 
0 806356 115666 491 9 228 60 9 0 4
cob=(1)
cfi=(1)
cfn=(188)
calls=1 0 
0 858 259 103 0 53 11 0 6 10
0 36 34 2 0 8 1
0 64 64 0 0 32

fn=(1146)
0 5 1 2 1 1
cfn=(1150)
calls=1 0 
0 8 2 1 1
0 3 2 1

totals: 49058836175 20020018233 2006257541 1491 1190205704 203467 1404 2503 190395
